initial_pose_x: -0.90484
initial_pose_y: 0.19174
initial_pose_yaw: -0.019539