initial_pose_x: -0.67356
initial_pose_y: 0.22403
initial_pose_yaw: -0.042757