initial_pose_x: -0.46298
initial_pose_y: -0.10628
initial_pose_yaw: -0.016719