initial_pose_x: 3.5307
initial_pose_y: 0.44026
initial_pose_yaw: -0.011274