initial_pose_x: -0.030485
initial_pose_y: 0.3518
initial_pose_yaw: 0.048659