initial_pose_x: -0.12532
initial_pose_y: 0.50702
initial_pose_yaw: -0.0088998