initial_pose_x: 9.6955
initial_pose_y: -0.12992
initial_pose_yaw: -0.046708