initial_pose_x: 0.40382
initial_pose_y: 0.62755
initial_pose_yaw: -0.023993